644 , 0
737 , 1
831 , 2
925 , 3
1017 , 4
1114 , 5
1208 , 6
1305 , 7
1405 , 8
1502 , 9
1599 , 10
1696 , 11
1790 , 12
1887 , 13
1982 , 14
2079 , 15
2178 , 16
2278 , 17
2370 , 18
2469 , 19
2563 , 20
2661 , 21
2756 , 22
2854 , 23
2956 , 24
3052 , 25
3149 , 26
3246 , 27
3340 , 28
3437 , 29
3533 , 30
3632 , 31
3733 , 32
3829 , 33
3927 , 34
4023 , 35
4118 , 36
4216 , 37
4312 , 38
4408 , 39
4508 , 40
4609 , 41
4705 , 42
4800 , 43
4896 , 44
4994 , 45
5089 , 46
5187 , 47
5287 , 48
5386 , 49
5482 , 50
5580 , 51
5673 , 52
5772 , 53
5863 , 54
5964 , 55
6063 , 56
6162 , 57
6257 , 58
6353 , 59
6449 , 60
6548 , 61
6643 , 62
6739 , 63
6955 , 64
7054 , 65
7149 , 66
7246 , 67
7341 , 68
7439 , 69
7534 , 70
7633 , 71
7733 , 72
7832 , 73
7926 , 74
8026 , 75
8119 , 76
8216 , 77
8313 , 78
8412 , 79
8510 , 80
8609 , 81
8706 , 82
8803 , 83
8896 , 84
8993 , 85
9089 , 86
9187 , 87
9289 , 88
9385 , 89
9481 , 90
9579 , 91
9673 , 92
9772 , 93
9866 , 94
9964 , 95
10066 , 96
10162 , 97
10259 , 98
10355 , 99
10451 , 100
10548 , 101
10643 , 102
10741 , 103
10843 , 104
10940 , 105
11036 , 106
11135 , 107
11226 , 108
11327 , 109
11425 , 110
11519 , 111
11619 , 112
11718 , 113
11813 , 114
11908 , 115
12006 , 116
12103 , 117
12198 , 118
12295 , 119
12397 , 120
12495 , 121
12590 , 122
12687 , 123
12780 , 124
12881 , 125
12971 , 126
13074 , 127
13077 , 128
13172 , 129
13270 , 130
13367 , 131
13461 , 132
13559 , 133
13657 , 134
13752 , 135
13852 , 136
13953 , 137
14047 , 138
14146 , 139
14239 , 140
14337 , 141
14434 , 142
14531 , 143
14629 , 144
14728 , 145
14825 , 146
14921 , 147
15017 , 148
15114 , 149
15211 , 150
15308 , 151
15409 , 152
15505 , 153
15601 , 154
15698 , 155
15794 , 156
15891 , 157
15988 , 158
16085 , 159
16184 , 160
16284 , 161
16378 , 162
16477 , 163
16573 , 164
16669 , 165
16764 , 166
16863 , 167
16965 , 168
17062 , 169
17157 , 170
17254 , 171
17348 , 172
17446 , 173
17542 , 174
17640 , 175
17741 , 176
17837 , 177
17932 , 178
18030 , 179
18127 , 180
18224 , 181
18317 , 182
18417 , 183
18519 , 184
18616 , 185
18711 , 186
18808 , 187
18903 , 188
19000 , 189
19098 , 190
19195 , 191
19409 , 192
19507 , 193
19603 , 194
19699 , 195
19793 , 196
19892 , 197
19985 , 198
20086 , 199
20187 , 200
20286 , 201
20379 , 202
20477 , 203
20574 , 204
20669 , 205
20765 , 206
20863 , 207
20964 , 208
21062 , 209
21157 , 210
21253 , 211
21348 , 212
21443 , 213
21538 , 214
21639 , 215
21741 , 216
21838 , 217
21932 , 218
22030 , 219
22125 , 220
22223 , 221
22317 , 222
22414 , 223
22518 , 224
22615 , 225
22710 , 226
22807 , 227
22903 , 228
22999 , 229
23095 , 230
23194 , 231
23295 , 232
23392 , 233
23488 , 234
23586 , 235
23680 , 236
23778 , 237
23874 , 238
23971 , 239
24071 , 240
24169 , 241
24264 , 242
24360 , 243
24457 , 244
24554 , 245
24649 , 246
24746 , 247
24849 , 248
24944 , 249
25041 , 250
25138 , 251
25233 , 252
25330 , 253
25424 , 254
25521 , 255
